00111100000010011111101000011001
00110101001010011110001101100110
00100000000010000000000000000001
00100000000010100010000000100000
00100000000010110000000001100100
00000001000010010111100000111111
10100001010011110000000000000000
00100001010010100000000000000001
00100001000010000000000000000001
00100001011010111111111111111111
00010101011000000 
00100000000010110000000001100100
00100000000010100010000000100000
00100000000101110010000000000000
00000010011000001001000000100000
10101110111010100000000000000000
10100010111100100000000000000100
10000001010100110000000000000000
00000010010100111010000000101011
00010110100000001111111111111010 
00100001010010100000000000000001
00100001011010111111111111111111
00010101011000001111111111111001 
00100000000010110000000001100100
00100000000010100010000000100000
00100000000101110010000000000000
00100000000010000000000000000000
00100001000010000000000000000001
00010000000000000000000000001001 
10000001010100110000000000000000
00100000000010010000000000011111
00000010011010011010000000100100
00010010100010011111111111111000 
00100000000010010000000000111110
00000010011010011010000000100100
00010010100010011111111111110101 
00100000000010010000000001111100
00000010011010011010000000100100
00010010100010011111111111110010 
00100000000010010000000011111000
00000010011010011010000000100100
00010010100010011111111111101111 
10101110111010000000000000001000
00100001010010100000000000000001
00100001011010111111111111111111
00010101011000001111111111101100 
